# Campagna=SmartBay
# Stazione=TBaia_01m
# Nome=Baia_S.Teresa
# Latitudine=44.081873
# Longitudine=9.881667
# Profondita'=1
# Fondale=8
# Clorofilla_M=1
# Clorofilla_Q=0
# Operatore=Bordone_Andrea
# Tipo_misura=Serie_temporale
# Sonda=Elaborazione(SBE19plus)
# Incertezza_standard_Temperatura(°C)=0.023
# Incertezza_standard_Conducibilita'(mS/cm)=0.032
# Incertezza_standard_Salinita'(PSU)=0.009
#      Data Ora(UTC) Profondita'(m) Pressione(db) Temperatura(°C) Conducibilita'(mS/cm) Fluorescenza(ug/l) Torbidita'(NTU) Ossigeno(mg/l) Ossigeno(ml/l) Ossigeno(%) Salinita'(PSU) Densita'(Kg/m^3) Densita'(Kg/m^3-1000) Velocita'_del_Suono(m/s) Clorofilla-a(ug/l) TSS(mg/l)
 25/03/2021 10:58:09          1.004         1.012         13.6681             44.212548             1.1359          0.2930     -9999.0000     -9999.0000   -9999.000        37.4559        1028.1621               28.1621                1505.3101              1.136     0.542
 31/03/2021 08:38:00          1.011         1.019         14.8473             44.705265         -9999.0000      -9999.0000         7.7970         5.4560      96.610        36.7807        1027.3842               27.3842                1508.2876          -9999.000 -9999.000
 07/04/2021 08:38:00          0.980         0.988         14.7488             45.155102         -9999.0000      -9999.0000         7.7300         5.4090      95.890        37.2905        1027.7996               27.7997                1508.5727          -9999.000 -9999.000
 14/04/2021 09:00:00          0.906         0.913         14.0465             41.639314         -9999.0000      -9999.0000         8.0820         5.6550      97.270        34.6796        1025.9338               25.9338                1503.2647          -9999.000 -9999.000
 21/04/2021 09:00:00          0.833         0.840         14.9393             45.250533         -9999.0000      -9999.0000         8.0520         5.6340     100.210        37.1962        1027.6838               27.6838                1509.0598          -9999.000 -9999.000
 28/04/2021 08:20:00          0.764         0.770         15.7893             46.811098         -9999.0000      -9999.0000         7.9180         5.5400     100.570        37.8100        1027.9636               27.9636                1512.4114          -9999.000 -9999.000
 05/05/2021 08:25:00          0.985         0.993         17.3868             45.125772         -9999.0000      -9999.0000         7.9550         5.5660     102.350        34.8624        1025.3205               25.3205                1513.8425          -9999.000 -9999.000
 12/05/2021 08:30:00          0.885         0.892         18.3666             47.053562         -9999.0000      -9999.0000         7.3470         5.1410      96.770        35.6681        1025.6964               25.6964                1517.6255          -9999.000 -9999.000
 18/05/2021 08:40:00          1.011         1.019         17.8761             45.665045         -9999.0000      -9999.0000         7.8890         5.5200     102.480        34.9061        1025.2351               25.2351                1515.3360          -9999.000 -9999.000
 18/05/2021 09:14:45          1.055         1.064         17.9325             45.796791             2.1257          0.4917     -9999.0000     -9999.0000   -9999.000        35.0036        1025.3001               25.2708                1515.5752              2.126     0.592
 28/05/2021 12:40:00          1.058         1.067         20.1075             49.374658         -9999.0000      -9999.0000         7.9100         5.5350     107.880        36.1042        1025.5803               25.5803                1523.0250          -9999.000 -9999.000
 01/06/2021 08:00:00          1.113         1.122         19.6250             49.996753         -9999.0000      -9999.0000         7.5290         5.2690     102.350        37.0404        1026.4234               26.4234                1522.7418          -9999.000 -9999.000
 09/06/2021 08:20:00          1.040         1.048         21.7393             52.141188         -9999.0000      -9999.0000         7.1250         4.9850     100.550        36.9439        1025.7736               25.7736                1528.3426          -9999.000 -9999.000
 16/06/2021 08:25:00          0.984         0.992         23.4036             54.482698         -9999.0000      -9999.0000         7.3110         5.1160     106.490        37.3637        1025.6135               25.6135                1533.0679          -9999.000 -9999.000
 23/06/2021 08:45:00          1.034         1.042         25.1455             55.517062         -9999.0000      -9999.0000         6.6680         4.6670      99.700        36.7037        1024.5893               24.5893                1536.6096          -9999.000 -9999.000
 30/06/2021 08:36:00          1.023         1.031         24.7976             56.306879         -9999.0000      -9999.0000         6.6600         4.6610      99.490        37.5825        1025.3609               25.3609                1536.7252          -9999.000 -9999.000
 05/07/2021 08:35:00          0.975         0.983         25.6206             56.900513         -9999.0000      -9999.0000         6.8410         4.7870     103.470        37.3441        1024.9262               24.9262                1538.4228          -9999.000 -9999.000
 15/07/2021 08:30:00          0.974         0.982         25.5854             57.333426         -9999.0000      -9999.0000         6.6170         4.6300     100.220        37.6944        1025.2020               25.2020                1538.7168          -9999.000 -9999.000
 21/07/2021 12:35:00          1.152         1.161         26.4960             58.360412         -9999.0000      -9999.0000         7.3070         5.1130     112.360        37.6998        1024.9196               24.9196                1540.8363          -9999.000 -9999.000
 28/07/2021 08:20:00          1.067         1.076         26.5598             58.612915         -9999.0000      -9999.0000         6.7430         4.7180     103.880        37.8318        1024.9986               24.9986                1541.1217          -9999.000 -9999.000
 04/08/2021 08:35:00          1.056         1.065         26.4085             58.676409         -9999.0000      -9999.0000         6.5110         4.5560     100.150        38.0029        1025.1760               25.1760                1540.9585          -9999.000 -9999.000
 19/08/2021 08:30:00          0.877         0.884         26.2832             58.772051         -9999.0000      -9999.0000         5.9980         4.1970      92.170        38.1771        1025.3467               25.3467                1540.8544          -9999.000 -9999.000
 25/08/2021 08:30:00          0.958         0.966         25.3232             57.654481         -9999.0000      -9999.0000         6.4350         4.5030      97.300        38.1530        1025.6304               25.6304                1538.5926          -9999.000 -9999.000
 01/09/2021 08:20:00          1.000         1.008         24.5486             56.823999         -9999.0000      -9999.0000         6.0910         4.2620      90.910        38.1841        1025.8926               25.8926                1536.7761          -9999.000 -9999.000
 08/09/2021 08:30:00          1.040         1.048         24.4147             56.782316         -9999.0000      -9999.0000         6.6370         4.6450      98.890        38.2668        1025.9962               25.9962                1536.5425          -9999.000 -9999.000
 15/09/2021 08:20:00          1.006         1.014         24.3544             56.729532         -9999.0000      -9999.0000         6.5520         4.5850      97.520        38.2784        1026.0231               26.0231                1536.4081          -9999.000 -9999.000
 22/09/2021 08:40:00          1.375         1.386         23.6205             54.569543             4.1048          3.9956         7.2680         5.0860     106.200        37.2472        1025.4628               25.4628                1533.4885              4.105 -9999.000
 28/09/2021 08:30:00          1.398         1.409         23.5507             55.006970             3.6770          3.8915         6.6700         4.6670      97.560        37.6438        1025.7844               25.7844                1533.7477              3.677 -9999.000
 07/10/2021 08:35:00          0.994         1.002         21.6283             53.034751             1.2074          9.0045         6.3670         4.4560      90.110        37.7556        1026.4227               26.4227                1528.9485              1.207 -9999.000
 13/10/2021 08:47:00          1.061         1.070         20.3520             51.677638             1.3837          4.1185         7.3080         5.1140     101.110        37.7849        1026.7976               26.7976                1525.5731              1.384 -9999.000
 19/10/2021 08:27:00          1.286         1.296         19.5830             51.086774             1.6296          5.2314         7.0400         4.9260      96.170        37.9890        1027.1605               27.1605                1523.6948              1.630 -9999.000
 25/10/2021 08:30:00          1.114         1.123         19.2003             50.528621             2.3087          7.0017         7.1750         5.0210      97.250        37.8689        1027.1685               27.1685                1522.4899              2.309 -9999.000
 03/11/2021 08:40:00          0.902         0.909         18.3569             49.434191             1.5196          8.9402         7.5610         5.2910     100.790        37.7112        1027.2642               27.2641                1519.9166              1.520 -9999.000
 10/11/2021 08:51:00          1.186         1.196         16.9613             47.856737             1.6537          8.3117         7.4120         5.1860      96.190        37.6342        1027.5525               27.5525                1515.7563              1.654 -9999.000
 17/11/2021 08:41:00          0.988         0.996         16.5475             47.142305             1.9275          4.4210         7.1540         5.0060      91.980        37.3884        1027.4618               27.4618                1514.2315              1.928 -9999.000
 25/11/2021 09:11:00          1.074         1.083         15.9076             46.385446             3.6869          3.3747         7.4280         5.1980      94.280        37.3118        1027.5536               27.5536                1512.2014              3.687 -9999.000
 02/12/2021 09:00:00          0.813         0.820         14.6499             44.618364             1.5079         13.4233         7.5930         5.3140      93.780        36.8877        1027.5096               27.5096                1507.7858              1.508 -9999.000
 09/12/2021 08:57:00          0.720         0.726         13.3190             43.156268             1.0879          9.4909         7.6700         5.3670      92.170        36.7903        1027.7183               27.7183                1503.3799              1.088 -9999.000
 16/12/2021 08:50:00          1.143         1.152         12.5844             42.367547             1.6791          1.8086         7.8090         5.4640      92.410        36.7460        1027.8357               27.8357                1500.9027              1.679 -9999.000
 22/12/2021 08:44:00          1.076         1.085         13.1844             43.605456             3.4635          2.2924         7.6100         5.3250      91.510        37.3519        1028.1833               28.1833                1503.6096              3.463 -9999.000
 28/12/2021 08:49:00          0.810         0.817         12.3826             35.286077             2.4124          4.4867         8.2500         5.7730      93.260        30.1315        1022.7445               22.7445                1492.3442              2.412 -9999.000
 04/01/2022 08:44:40          0.710         0.716         12.9296             38.152529             3.8774          6.3108         8.5290         5.9680      98.880        32.3909        1024.3893               24.3893                1496.8785              3.877 -9999.000
 11/01/2022 08:56:00          0.987         0.995         11.9409             41.456231             1.6187          2.1803         7.6600         5.3600      89.300        36.4857        1027.7597               27.7597                1498.4203              1.619 -9999.000
 20/01/2022 08:47:00          1.179         1.189         12.8723             42.907413             1.1453          2.9361         8.0080         5.6040      95.470        36.9865        1027.9644               27.9644                1502.1479              1.145 -9999.000
 26/01/2022 08:20:00          0.960         0.968         12.5042             42.709185             2.5843          0.1865         8.1800         5.7240      96.880        37.1574        1028.1705               28.1705                1501.1219              2.584 -9999.000
 02/02/2022 08:35:00          0.702         0.708         13.3361             43.845658             1.2102          0.6246     -9999.0000     -9999.0000   -9999.000        37.4328        1028.2127               28.2127                1504.1965              1.210 -9999.000
 09/02/2022 08:43:00          1.088         1.097         12.6709             42.810173             1.6649          0.5529         8.0890         5.6600      96.100        37.0904        1028.0854               28.0854                1501.5994              1.665 -9999.000
 16/02/2022 08:44:00          0.734         0.740         12.0649             41.885792             1.4040          0.4140         8.4294         5.8984      98.707        36.7863        1027.9681               27.9681                1499.1968              1.404 -9999.000
 23/02/2022 08:30:00          0.918         0.925         12.2437             41.033122             1.3724          0.2664         8.3545         5.8460      97.574        35.7778        1027.1503               27.1503                1498.5985              1.372 -9999.000
 01/03/2022 08:35:00          0.994         1.002         12.6317             43.278794             1.2783          0.5985         7.9118         5.5362      94.211        37.5852        1028.4772               28.4772                1502.0583              1.278 -9999.000
 10/03/2022 08:30:00          0.939         0.946         12.1442             42.915523             0.9966          0.5688         8.0813         5.6548      95.348        37.7203        1028.6797               28.6797                1500.5862              0.997 -9999.000
 16/03/2022 08:26:00          0.831         0.838         12.7162             43.650311             1.3469          1.2041         8.1848         5.7272      97.801        37.8620        1028.6742               28.6742                1502.6663              1.347 -9999.000
 23/03/2022 08:40:00          0.909         0.916         12.7077             43.592659             1.2505          0.5067         8.4845         5.9370     101.334        37.8144        1028.6393               28.6393                1502.5827              1.250 -9999.000
 30/03/2022 08:44:30          0.681         0.686         13.6475             44.133634             0.9845          0.3133         8.4466         5.9104     102.553        37.4012        1028.1226               28.1226                1505.1735              0.984 -9999.000
